00 10 
00 13 
00 1A 
00 19 
55 55 55 02 55 55 55 
55 55 55 02 55 55 55 
55 55 55 02 55 55 55 
00 12 
00 50 
00 12 
00 50 
55 55 55 02 55 55 55 
55 55 55 02 55 55 55 
55 55 55 02 55 55 55 
55 55 55 02 55 55 55 
55 55 55 02 55 55 55 
55 55 55 02 55 55 55 
00 50 
00 12 
00 12 
00 11 
55 55 55 02 55 55 55 
55 55 55 02 55 55 55 
55 55 55 02 55 55 55 
55 55 55 02 55 55 55 
55 55 55 02 55 55 55 
55 55 55 02 55 55 55 
00 1B 


EF CD AB 00 50 00 14 00 00 00 17 29 02 01 01 00 00 00 00 02 01 00 AB CD EF 
EF CD AB 00 50 00 14 00 00 00 1B 29 02 01 01 00 00 00 00 02 01 00 AB CD EF 
EF CD AB 00 50 00 14 00 00 00 1F 29 02 01 01 00 00 00 00 02 01 00 AB CD EF 